Group	seyisBinek
{
	Vnum	10032
	Type	Quest
	1	52701	1	1
	2	52702	1	1
	3	52703	1	1
	4	52704	1	1
	5	52705	1	1
	6	52706	1	1
}

Group	Ayisigi_Define_Sandigi
{
	Vnum	50011
	1	72726	1	10
	2	72730	1	10
	3	70102	3	10
	4	50513	3	30
	5	70005	1	1
	6	50183	1	5
	7	50216	1	5
	8	50068	1	1
	9	72724	1	35
	10	72728	1	35
	11	25040	2	60
	12	70102	1	15
	13	27987	1	1
	14	71094	3	10
	15	71001	3	10
	16	70024	3	10
	17	70057	10	10
	18	71017	1	10
	19	71084	2	35
	20	71085	2	35
	21	71083	1	20
	22	71101	1	10
	23	71027	1	10
	24	71028	1	9
	25	71029	1	9
	26	71030	1	8
	27	71044	2	9
	28	71045	2	9
	29	50107	2	10
	30	50108	2	10
	31	71035	1	10
	32	72006	1	1
}

Group	Altigen_Sandigi
{
	Vnum	50037
	1	30040	1	1
	2	30086	1	1
	3	30015	1	1
	4	30016	1	1
	5	30087	1	1
	6	30049	1	1
	7	30050	1	1
	8	30090	1	1
	9	30048	1	1
	10	30088	1	1
	11	30008	1	1
	12	30078	1	1
	13	30042	1	1
	14	30052	1	1
	15	30019	1	1
	16	30047	1	1
	17	30080	1	1
	18	30061	1	1
	19	30060	1	1
	20	27799	1	1
	21	30091	1	1
	22	30007	1	1
	23	30076	1	1
	24	30077	1	1
	25	30006	1	1
	26	30022	1	1
	27	30082	1	1
	28	30031	1	1
	29	30067	1	1
	30	30041	1	1
	31	30075	1	1
	32	30045	1	1
	33	30055	1	1
	34	30081	1	1
	35	30046	1	1
	36	30058	1	1
	37	30057	1	1
	38	30059	1	1
	39	30056	1	1
	40	30021	1	1
	41	30039	1	1
	42	30085	1	1
	43	30005	1	1
	44	30009	1	1
	45	30083	1	1
	46	30079	1	1
	47	30051	1	1
	48	30089	1	1
	49	30014	1	1
	50	30070	1	1
	51	30025	1	1
	52	30018	1	1
	53	30017	1	1
}

Group	Futbol_Topu
{
	Vnum	50096
	1	72726	1	10
	2	72730	1	10
	3	70102	3	10
	4	50513	3	30
	5	70005	1	1
	6	50183	1	5
	7	50216	1	5
	8	50068	1	1
	9	72724	1	35
	10	72728	1	35
	11	25040	2	60
	12	70102	1	15
	13	27987	1	1
	14	71094	3	10
	15	71001	3	10
	16	70024	3	10
	17	70057	10	10
	18	71017	1	10
	19	71084	2	35
	20	71085	2	35
	21	71083	1	20
	22	71101	1	10
	23	71027	1	10
	24	71028	1	9
	25	71029	1	9
	26	71030	1	8
	27	71044	2	9
	28	71045	2	9
	29	50107	2	10
	30	50108	2	10
	31	71035	1	10
	32	72006	1	1
}

Group	Cicek_Sandigi
{
	Vnum	83027
	1	50721	1	100
	2	50722	1	100
	3	50723	1	100
	4	50724	1	100
	5	50725	1	100
	6	50726	1	99
	7	50727	1	99
	8	50728	1	99
}

Group	ork_sandigi
{
	Vnum	50070
	1	152	1	2	4
	2	142	1	2	4
	3	2142	1	2	4
	4	5102	1	10	20
	5	7142	1	2	4
	6	17202	1	2	4
	7	14202	1	2	4
	8	16202	1	2	4
	9	70005	1	1	2
	10	72006	1	1	2
	11	11882	1	10	20
	12	11482	1	10	20
	13	11282	1	10	20
	14	2132	1	10	20
	15	162	1	10	20
	16	242	1	10	20
	17	3142	1	10	20
	18	11682	1	10	20
	19	1112	1	10	20
	20	1102	1	2	4
	21	15202	1	2	4
	22	3132	1	10	20

}

Group	hayalet_lideri_sandigi
{
	Vnum	50071
	1	152	1	2	4
	2	142	1	2	4
	3	2142	1	2	4
	4	5102	1	10	20
	5	7142	1	2	4
	6	17202	1	2	4
	7	14202	1	2	4
	8	16202	1	2	4
	9	70005	1	1	2
	10	72006	1	1	2
	11	11882	1	10	20
	12	11482	1	10	20
	13	11282	1	10	20
	14	2132	1	10	20
	15	162	1	10	20
	16	242	1	10	20
	17	3142	1	10	20
	18	11682	1	10	20
	19	1112	1	10	20
	20	1102	1	2	4
	21	15202	1	2	4
	22	3132	1	10	20
}

Group	kralice_orumcek_sandigi
{
	Vnum	50073
	1	152	1	2	4
	2	142	1	2	4
	3	2142	1	2	4
	4	5102	1	10	20
	5	7142	1	2	4
	6	17202	1	2	4
	7	14202	1	2	4
	8	16202	1	2	4
	9	70005	1	1	2
	10	72006	1	1	2
	11	11882	1	10	20
	12	11482	1	10	20
	13	11282	1	10	20
	14	2132	1	10	20
	15	162	1	10	20
	16	242	1	10	20
	17	3142	1	10	20
	18	11682	1	10	20
	19	1112	1	10	20
	20	1102	1	2	4
	21	15202	1	2	4
	22	3132	1	10	20
}

Group	kaplumbaga_sandigi
{
	Vnum	50076
	1	152	1	2	4
	2	142	1	2	4
	3	2142	1	2	4
	4	5102	1	10	20
	5	7142	1	2	4
	6	17202	1	2	4
	7	14202	1	2	4
	8	16202	1	2	4
	9	70005	1	1	2
	10	72006	1	1	2
	11	11882	1	10	20
	12	11482	1	10	20
	13	11282	1	10	20
	14	2132	1	10	20
	15	162	1	10	20
	16	242	1	10	20
	17	3142	1	10	20
	18	11682	1	10	20
	19	1112	1	10	20
	20	1102	1	2	4
	21	15202	1	2	4
	22	3132	1	10	20
}

Group	dokuy_kuyruk_sandigi
{
	Vnum	50077
	1	152	1	2	4
	2	142	1	2	4
	3	2142	1	2	4
	4	5102	1	10	20
	5	7142	1	2	4
	6	17202	1	2	4
	7	14202	1	2	4
	8	16202	1	2	4
	9	70005	1	1	2
	10	72006	1	1	2
	11	11882	1	10	20
	12	11482	1	10	20
	13	11282	1	10	20
	14	2132	1	10	20
	15	162	1	10	20
	16	242	1	10	20
	17	3142	1	10	20
	18	11682	1	10	20
	19	1112	1	10	20
	20	1102	1	2	4
	21	15202	1	2	4
	22	3132	1	10	20
}

Group	sari_kaplan_sandigi
{
	Vnum	50078
	1	152	1	2	4
	2	142	1	2	4
	3	2142	1	2	4
	4	5102	1	10	20
	5	7142	1	2	4
	6	17202	1	2	4
	7	14202	1	2	4
	8	16202	1	2	4
	9	70005	1	1	2
	10	72006	1	1	2
	11	11882	1	10	20
	12	11482	1	10	20
	13	11282	1	10	20
	14	2132	1	10	20
	15	162	1	10	20
	16	242	1	10	20
	17	3142	1	10	20
	18	11682	1	10	20
	19	1112	1	10	20
	20	1102	1	2	4
	21	15202	1	2	4
	22	3132	1	10	20

}

Group	alev_kral_sandigi
{
	Vnum	50079
	1	152	1	2	4
	2	142	1	2	4
	3	2142	1	2	4
	4	5102	1	10	20
	5	7142	1	2	4
	6	17202	1	2	4
	7	14202	1	2	4
	8	16202	1	2	4
	9	70005	1	1	2
	10	72006	1	1	2
	11	11882	1	10	20
	12	11482	1	10	20
	13	11282	1	10	20
	14	2132	1	10	20
	15	162	1	10	20
	16	242	1	10	20
	17	3142	1	10	20
	18	11682	1	10	20
	19	1112	1	10	20
	20	1102	1	2	4
	21	15202	1	2	4
	22	3132	1	10	20
}

Group	seytan_kral_sandigi
{
	Vnum	50081
	1	5092	1	22	30
	2	143	1	1
	3	7132	1	22	30
	4	11682	1	19	30
	5	11683	1	28	30
	6	11684	1	10	30
	7	11882	1	19	30
	8	11883	1	28	30
	9	11884	1	10	30
	10	11482	1	19	30
	11	11483	1	28	30
	12	11484	1	10	30
	13	11282	1	19	30
	14	11283	1	28	30
	15	11284	1	10	30
	16	17184	1	19	30
	17	17185	1	28	30
	18	17186	1	10	30
	19	16184	1	19	30
	20	16185	1	28	30
	21	16186	1	10	30
	22	14184	1	19	30
	23	14185	1	28	30
	24	14186	1	10	30
	25	152	1	1	3
	26	2142	1	1	3
	27	1102	1	1	3
	28	72006	1	10
}

Group	lusifer_sandigi
{
	Vnum	50082
	1	170	1	16	20
	2	250	1	20	40
	3	1120	1	20	40
	4	2180	1	20	30
	5	3150	1	1
	6	7150	1	20	50
	7	11290	1	2	4
	8	11490	1	2	4
	9	11690	1	2	4
	10	11890	1	2	4
	11	2170	1	1
	12	3160	2	2
	13	5120	1	1
	14	190	1	1	1
	15	152	1	5	10
	16	153	1	5	10
	17	5092	1	25	30
	18	5093	1	25	30
	19	142	1	5	10
	20	143	1	5	10
	21	3132	1	25	40
	22	3133	1	25	40
	23	1102	1	5	10
	24	1103	1	5	10
	25	7132	1	35	40
	26	7133	1	35	40
	27	2142	1	5	10
	28	2143	1	5	10
	29	11684	1	40	50
	30	11884	1	40	50
	31	11484	1	40	60
	32	11284	1	40	50
	33	180	1	1
	34	1130	1	1

}

Group	azrail_sandigi
{
	Vnum	50186
	1	170	1	30
	2	250	1	30
	3	1120	1	50
	4	2180	1	50
	5	3150	1	1
	6	7150	1	50
	7	11290	1	1
	8	11490	1	1
	9	11690	1	1
	10	11890	1	1
	11	152	1	30
	12	153	1	30
	13	5103	1	50
	14	142	1	30
	15	3133	1	50
	16	1102	1	30
	17	1103	1	30
	18	7132	1	30
	19	7133	1	30
	20	2142	1	30
	21	2143	1	30
	22	11684	1	50
	23	11884	1	50
	24	11484	1	50
	25	11284	1	50
	26	190	1	30
	27	5120	1	1
	28	2170	1	1
	29	3160	1	1
	30	7140	1	30
}

Group	milano_sandigiE
{
	Vnum	71159		
	1	41121	1	1
	2	41117	1	1
	3	41005	1	1
	4	41315	1	1
	5	45003	1	1
	6	45053	1	1
	7	45055	1	1
	8	45151	1	1
}

Group	athena_sandigiK
{
	Vnum	71160		
	1	41118	1	1
	2	41120	1	1
	3	41122	1	1
	4	41316	1	1
	5	45004	1	1
	6	45056	1	1
	7	45054	1	1
	8	45152	1	1
}

Group	marka_sandigi
{
	Vnum	53582		
	1	71027	1	1
	2	71028	1	1
	3	71029	1	1
	4	71030	1	1
	5	71044	1	1
	6	71045	1	1
}

Group	altin_define1
{
	Vnum	50006	
	1	71084	3	1
	2	71085	3	1
}

Group	gumus_define2
{
	Vnum	50007	
	1	71151	3	1
	2	71152	3	1
}

Group	altin_define3
{
	Vnum	50012	
	1	71084	3	1
	2	71085	3	1
}

Group	gumus_define4
{
	Vnum	50013	
	1	71151	3	1
	2	71152	3	1
}

Group	lv10
{
	Vnum	50188
	Type	Pct
	1	72031	2	100
	2	72034	2	100
	3	72037	2	100
	4	39019	2	100
	5	72026	5	100
	6	72046	5	100
	7	27209	10	100
	8	27212	10	100
	9	39006	250	100
	10	50189	1	100
}

Group	lv20
{
	Vnum	50189
	Type	Pct
	1	72031	5	100
	2	72034	5	100
	3	72037	5	100
	4	39019	5	100
	5	72026	5	100
	6	72046	5	100
	7	27209	20	100
	8	27212	20	100
	9	39006	250	100
	10	50190	1	100
}

Group	lv30
{
	Vnum	50190
	Type	Pct
	1	72031	10	100
	2	72034	10	100
	3	72037	10	100
	4	39019	10	100
	5	72026	10	100
	6	72046	10	100
	7	27209	20	100
	8	27212	20	100
	9	39006	250	100
	10	50191	1	100
	11	72005	1	100
	12	72005	1	100
}

Group	lv40
{
	Vnum	50191
	Type	Pct
	1	72031	10	100
	2	72034	10	100
	3	72037	10	100
	4	39019	10	100
	5	72026	10	100
	6	72046	10	100
	7	27209	20	100
	8	27212	20	100
	9	39006	250	100
	10	50192	1	100
	11	72005	1	100
	12	72005	1	100
}

Group	lv50
{
	Vnum	50192
	Type	Pct
	1	72031	10	100
	2	72034	10	100
	3	72037	10	100
	4	39019	10	100
	5	72026	10	100
	6	72046	10	100
	7	27209	20	100
	8	27212	20	100
	9	39006	250	100
	10	50193	1	100
	11	72005	1	100
	12	72005	1	100
}

Group	lv60
{
	Vnum	50193
	Type	Pct
	1	72031	10	100
	2	72034	10	100
	3	72037	10	100
	4	39019	10	100
	5	72026	10	100
	6	72046	10	100
	7	27209	20	100
	8	27212	20	100
	9	39006	250	100
	10	50194	1	100
	11	72005	1	100
	12	72005	1	100
}

Group	lv70
{
	Vnum	50194
	Type	Pct
	1	72031	10	100
	2	72034	10	100
	3	72037	10	100
	4	39019	10	100
	5	72026	10	100
	6	72046	10	100
	7	72050	1	100
	8	27209	20	100
	9	27212	20	100
	10	39006	250	100
	11	50195	1	100
}

Group	lv80
{
	Vnum	50195
	Type	Pct
	1	72031	10	100
	2	72034	10	100
	3	72037	10	100
	4	39019	10	100
	5	72026	10	100
	6	72046	10	100
	7	72050	1	100
	8	27209	20	100
	9	27212	20	100
	10	39006	250	100
	11	50196	1	100
}

Group	lv90
{
	Vnum	50196
	Type	Pct
	1	72031	10	100
	2	72034	10	100
	3	72037	10	100
	4	39019	10	100
	5	72026	20	100
	6	72046	20	100
	7	27209	5	100
	8	27212	5	100
	9	39006	50	100
	10	72050	1	100
}

Group	gorev_sandigi
{
	Vnum	53585
	Type	Pct
	1	72031	2	100
	2	72034	2	100
	3	72037	2	100
	4	71029	2	100
	5	72026	2	100
	6	72046	2	100
	7	71084	5	100
	8	71085	5	100
	9	70057	200	100
	10	27112	2	100
	11	27115	2	100
	12	25040	5	100
	13	71151	3	100
	14	71152	5	100
	15	50050	1	100
}

Group	ayaz_sandigi_savasci_e
{
	Vnum	53587
	Type	Pct
	1	71015	1	100
	2	71015	1	100
	3	71015	1	100
	4	71015	1	100
	5	71015	1	100
	6	50216	10	100
	7	50183	10	100
	8	70024	5	100
	9	71084	10	100
	10	71085	10	100
	11	50067	3	100
	12	50068	3	100
	13	52701	1	100
	14	50817	30	100
	15	50818	30	100
	16	71028	20	100
	17	71027	20	100
	18	71029	20	100
	19	71030	20	100
	20	27112	50	100
	21	27115	50	100
	22	71044	20	100
	23	71045	20	100
	24	72726	1	100
	25	72730	1	100
	26	74522	1	100
}

Group	ayaz_sandigi_savasci_k
{
	Vnum	53588
	Type	Pct
	1	71015	1	100
	2	71015	1	100
	3	71015	1	100
	4	71015	1	100
	5	71015	1	100
	6	50216	10	100
	7	50183	10	100
	8	70024	5	100
	9	71084	10	100
	10	71085	10	100
	11	50067	3	100
	12	50068	3	100
	13	52701	1	100
	14	50817	30	100
	15	50818	30	100
	16	71028	20	100
	17	71027	20	100
	18	71029	20	100
	19	71030	20	100
	20	27112	50	100
	21	27115	50	100
	22	71044	20	100
	23	71045	20	100
	24	72726	1	100
	25	72730	1	100
	26	74526	1	100
}

Group	ayaz_sandigi_sura_e
{
	Vnum	53589
	Type	Pct
	1	71015	1	100
	2	71015	1	100
	3	71015	1	100
	4	71015	1	100
	5	71015	1	100
	6	50216	10	100
	7	50183	10	100
	8	70024	5	100
	9	71084	10	100
	10	71085	10	100
	11	50067	3	100
	12	50068	3	100
	13	52701	1	100
	14	50817	30	100
	15	50818	30	100
	16	71028	20	100
	17	71027	20	100
	18	71029	20	100
	19	71030	20	100
	20	27112	50	100
	21	27115	50	100
	22	71044	20	100
	23	71045	20	100
	24	72726	1	100
	25	72730	1	100
	26	74534	1	100
}

Group	ayaz_sandigi_sura_k
{
	Vnum	53590
	Type	Pct
	1	71015	1	100
	2	71015	1	100
	3	71015	1	100
	4	71015	1	100
	5	71015	1	100
	6	50216	10	100
	7	50183	10	100
	8	70024	5	100
	9	71084	10	100
	10	71085	10	100
	11	50067	3	100
	12	50068	3	100
	13	52701	1	100
	14	50817	30	100
	15	50818	30	100
	16	71028	20	100
	17	71027	20	100
	18	71029	20	100
	19	71030	20	100
	20	27112	50	100
	21	27115	50	100
	22	71044	20	100
	23	71045	20	100
	24	72726	1	100
	25	72730	1	100
	26	74538	1	100
}

Group	ayaz_sandigi_ninja_e
{
	Vnum	53591
	Type	Pct
	1	71015	1	100
	2	71015	1	100
	3	71015	1	100
	4	71015	1	100
	5	71015	1	100
	6	50216	10	100
	7	50183	10	100
	8	70024	5	100
	9	71084	10	100
	10	71085	10	100
	11	50067	3	100
	12	50068	3	100
	13	52701	1	100
	14	50817	30	100
	15	50818	30	100
	16	71028	20	100
	17	71027	20	100
	18	71029	20	100
	19	71030	20	100
	20	27112	50	100
	21	27115	50	100
	22	71044	20	100
	23	71045	20	100
	24	72726	1	100
	25	72730	1	100
	26	74527	1	100
}

Group	ayaz_sandigi_ninja_k
{
	Vnum	53592
	Type	Pct
	1	71015	1	100
	2	71015	1	100
	3	71015	1	100
	4	71015	1	100
	5	71015	1	100
	6	50216	10	100
	7	50183	10	100
	8	70024	5	100
	9	71084	10	100
	10	71085	10	100
	11	50067	3	100
	12	50068	3	100
	13	52701	1	100
	14	50817	30	100
	15	50818	30	100
	16	71028	20	100
	17	71027	20	100
	18	71029	20	100
	19	71030	20	100
	20	27112	50	100
	21	27115	50	100
	22	71044	20	100
	23	71045	20	100
	24	72726	1	100
	25	72730	1	100
	26	74530	1	100
}

Group	ayaz_sandigi_saman_e
{
	Vnum	53593
	Type	Pct
	1	71015	1	100
	2	71015	1	100
	3	71015	1	100
	4	71015	1	100
	5	71015	1	100
	6	50216	10	100
	7	50183	10	100
	8	70024	5	100
	9	71084	10	100
	10	71085	10	100
	11	50067	3	100
	12	50068	3	100
	13	52701	1	100
	14	50817	30	100
	15	50818	30	100
	16	71028	20	100
	17	71027	20	100
	18	71029	20	100
	19	71030	20	100
	20	27112	50	100
	21	27115	50	100
	22	71044	20	100
	23	71045	20	100
	24	72726	1	100
	25	72730	1	100
	26	74541	1	100
}

Group	ayaz_sandigi_saman_k
{
	Vnum	53594
	Type	Pct
	1	71015	1	100
	2	71015	1	100
	3	71015	1	100
	4	71015	1	100
	5	71015	1	100
	6	50216	10	100
	7	50183	10	100
	8	70024	5	100
	9	71084	10	100
	10	71085	10	100
	11	50067	3	100
	12	50068	3	100
	13	52701	1	100
	14	50817	30	100
	15	50818	30	100
	16	71028	20	100
	17	71027	20	100
	18	71029	20	100
	19	71030	20	100
	20	27112	50	100
	21	27115	50	100
	22	71044	20	100
	23	71045	20	100
	24	72726	1	100
	25	72730	1	100
	26	74544	1	100
}

Group	inci_sandigi
{
	Vnum	83045
	1	27992	1	100
	2	27993	1	100
	3	27994	1	100
}

Group	barones_sandigi
{
	Vnum	50080
	1	1130	1	1
	2	2170	1	1
	3	5120	1	1
	4	190	1	3
	5	180	1	1
	6	3160	1	1
	7	11290	1	1
	8	11490	1	1
	9	11690	1	1
	10	11890	1	1
}

Group	okey_altin
{
	Vnum	50267
	1	71084	50	8
	2	71027	5	9
	3	71028	5	9
	4	71029	5	9
	5	71030	5	9
	6	71044	5	9
	7	71045	5	8
	8	50183	5	8
	9	50216	5	8
	10	71101	5	8
	11	83045	1	10
	12	70005	1	10
	13	72006	1	10
	14	71035	1	8
	15	52036	1	1
}

Group	okey_gumus
{
	Vnum	50268
	1	71084	10	1
	2	71151	10	3
	3	71044	5	1
	4	71045	5	1
	5	27987	2	1
	6	25040	5	2
	7	50513	5	2
	8	70102	5	2
	9	71094	5	2
	10	71001	5	2
	11	72726	1	1
	12	72730	1	1
	13	72006	1	2
}

Group	okey_bronz
{
	Vnum	50269
	1	71084	3	1
	2	71151	3	3
	3	71044	3	1
	4	71045	3	1
	5	25040	3	2
	6	50513	3	2
	7	70102	3	2
	8	71094	3	2
	9	71001	3	2
	10	72726	1	1
	11	72730	1	1
}

Group	noel_sandigi
{
	Vnum	71144
	1	80014	1	7
	2	80016	1	1
	3	50216	3	15
	4	50183	3	15
	5	27870	3	15
	6	27873	3	15
	7	38100	1	10
	8	71084	200	20
	9	71151	200	50
	10	52036	1	1
	11	72006	1	15
	12	70005	1	15
	13	27992	1	30
	14	38102	1	5
}

Group	bayram_sandigi
{
	Vnum	53586
	1	80014	1	7
	2	80016	1	1
	3	50216	3	15
	4	50183	3	15
	5	27870	3	15
	6	27873	3	15
	7	38100	1	1
	8	71084	200	20
	9	71151	200	50
	10	52036	1	1
	11	72006	1	15
	12	70005	1	15
	13	60002	1	30
	14	50827	1	1
	15	50828	1	1
	16	71211	1	1
	17	71212	1	1
}

Group	bayram_sandigi
{
	Vnum	53501
	Type	Pct
	1	71084	250	100
	2	71084	250	100
	3	71084	250	100
	4	71084	250	100
	5	71084	250	100
	6	71084	250	100
	7	71084	250	100
	8	71084	250	100
	9	80016	1	100
	10	27992	5	100
	11	31125	3	100
}

Group	bayram_sandigi
{
	Vnum	53502
	Type	Pct
	1	71084	250	100
	2	71084	250	100
	3	71084	250	100
	4	71084	250	100
	5	80015	1	100
	6	27992	3	100
	7	31125	2	100
}

Group	bayram_sandigi
{
	Vnum	53503
	Type	Pct
	1	71084	250	100
	2	71084	250	100
	3	71084	250	100
	4	80015	1	100
	5	27992	2	100
	6	31125	1	100
}

Group	bayram_sandigi
{
	Vnum	53504
	Type	Pct
	1	80014	1	100
	2	27992	1	100
	3	71084	250	100
	4	71084	250	100
}

Group	bayram_sandigi
{
	Vnum	53505
	Type	Pct
	1	80014	1	100
	2	71084	250	100
	3	27992	1	100
}

Group	efsun_sandigi_10k
{
	Vnum	50265
	Type	Pct
	1	71084	250	100
	2	71084	250	100
	3	71084	250	100
	4	71084	250	100
	5	71084	250	100
	6	71084	250	100
	7	71084	250	100
	8	71084	250	100
	9	71084	250	100
	10	71084	250	100
	11	71084	250	100
	12	71084	250	100
	13	71084	250	100
	14	71084	250	100
	15	71084	250	100
	16	71084	250	100
	17	71084	250	100
	18	71084	250	100
	19	71084	250	100
	20	71084	250	100
	21	71084	250	100
	22	71084	250	100
	23	71084	250	100
	24	71084	250	100
	25	71084	250	100
	26	71084	250	100
	27	71084	250	100
	28	71084	250	100
	29	71084	250	100
	30	71084	250	100
	31	71084	250	100
	32	71084	250	100
	33	71084	250	100
	34	71084	250	100
	35	71084	250	100
	36	71084	250	100
	37	71084	250	100
	38	71084	250	100
	39	71084	250	100
	40	71084	250	100
}

Group	noel_sandigi
{
	Vnum	50294
	1	80014	1	7
	2	80016	1	1
	3	50216	3	15
	4	50183	3	15
	5	27870	3	15
	6	27873	3	15
	7	38100	1	10
	8	71084	200	10
	9	71151	200	30
	10	52036	1	1
	11	72006	1	15
	12	70005	1	15
	13	27992	1	30
	14	38102	1	5
	15	71095	1	15
	16	71035	1	15
	17	71101	1	15
}