Group	ItemPoolRow1
{
	#--#	Vnum	Count	Price	Pct
	1	76041	100	8	100
	2	76012	5	183	80
	3	76012	5	305	80
	4	76017	3	234	60
	5	76017	5	390	60
	6	70006	1	236	40
	7	76019	1	137	80
	8	72320	1	294	30
	9	76031	1	229	50
	10	39035	1	16	100
	11	85001	1	1097	10
	12	72322	1	132	50
	13	71221	1	129	60
	14	76007	20	284	40
	15	39043	1	34	100
	16	76033	3	267	60
	17	76026	1	392	50
	18	71110	1	270	60
	19	38100	1	519	30
	20	76024	1	1067	20
	21	76023	1	644	25
	22	30630	1	26	100
	23	76005	1	167	60
	24	76022	1	237	50
	25	90000	1	139	50
	26	76011	1	464	30
	27	72734	1	1000	15
	;; MISSING: Frosted Hammer
}

Group	ItemPoolRow2
{
	#--#	Vnum	Count	Price	Pct
	1	76041	200	14	100
	2	76012	5	305	80
	3	76017	5	390	60
	4	76019	1	137	80
	5	71221	1	129	60
	6	30630	1	26	100
	7	39035	1	16	100
	8	76005	1	167	60
	9	76022	1	237	50
	10	60005	1	657	30
	11	90000	1	139	50
	12	76011	1	464	30
	13	76045	1	749	20
	14	76042	1	817	20
	15	76033	5	445	50
	16	76034	1	346	40
	17	76026	1	392	50
	18	76028	1	475	30
	19	76029	1	291	50
	20	71106	1	539	30
	21	71104	1	539	30
	22	71105	1	539	30
	23	71103	1	539	30
	24	71003	1	806	20
	25	72028	1	410	30
	26	85001	1	1097	10
	27	38101	1	1050	20
	28	72701	1	999	15
	29	76010	1	171	60
	30	72323	1	648	25
	31	72325	1	280	40
	32	76013	1	1963	10
	33	76014	1	1263	15
	34	76047	1	1000	20
	35	38060	1	109	60
	36	72734	1	500	30
	37	72064	1	34	100
	38	39033	1	806	20
}

Group	ItemPoolRow3
{
	#--#	Vnum	Count	Price	Pct
	1	76041	200	14	100
	2	76012	5	305	80
	3	76017	5	392	60
	4	76026	1	392	50
	5	39035	1	16	100
	6	71107	1	520	30
	7	76044	1	2167	10
	8	76047	1	1000	20
	9	76030	1	2186	10
	10	55002	1	1297	15
	11	71048	1	715	25
	12	72029	1	787	20
	13	38102	1	1893	15
	14	76006	1	347	40
	15	39004	1	996	15
	16	76029	1	291	50
	17	76024	1	1067	20
	18	76023	1	644	25
	19	76033	10	890	30
	20	76019	1	137	80
	21	71025	1	1721	10
	22	72320	1	294	30
	23	85001	1	1097	10
	24	76013	1	1963	10
	25	76014	1	1263	15
	26	76010	1	171	60
	27	55033	1	2000	10
	28	100700	1	9900	5
	29	71189	1	2744	10
	30	72734	1	200	40
	31	72735	1	9900	5
	32	39068	1	172	50
	33	76001	1	1154	15
	34	72319	1	294	30
	;; MISSING: 1* Catalyst
}

Group	CraftRecipes
{
	#--#	NpcVnum	CatalystVnum	CatalystCount	ConverterVnum	ConverterCount	MaxStoneGrade	GemReward	YangCost	SuccessRate
	1	20504	50926	30	0	0	3	3	15000	30
	2	20505	50926	30	0	0	3	3	15000	70
	3	20506	50926	10	50935	1	3	3	15000	100
}

Group	ShopConfig
{
	ShopNpcVnum	20504
	RefreshItemVnum	39063
	RefreshItemCount	1
	ExpansionItemVnum	39064
	ExpansionCost4	1
	ExpansionCost5	2
	ExpansionCost6	4
	ExpansionCost7	8
	ExpansionCost8	8
	ExpansionCost9	8
}
