Group	lv1
{
	Vnum	50187
	Type	Pct
	1	40002	1	100
	2	76021	1	100
	3	76004	1	100
	4	27207	20	100
	5	27210	20	100
	6	76007	200	100
	7	72031	5	100
	8	72034	5	100
	9	72037	5	100
	10	72040	5	100
	11	72026	10	100
	12	72046	10	100
	13	76025	1	100
	14	50188	1	100
}

Group	lv10
{
	Vnum	50188
	Type	Pct
	1	50189	1	100
	2	76021	1	100
	3	76004	1	100
	4	27207	20	100
	5	27210	20	100
	6	76007	200	100
	7	72031	5	100
	8	72034	5	100
	9	72037	5	100
	10	72040	5	100
	11	72026	10	100
	12	72046	10	100
}

Group	lv20
{
	Vnum	50189
	Type	Pct
	1	76021	1	100
	2	76004	1	100
	3	27207	20	100
	4	27210	20	100
	5	76007	200	100
	6	72031	5	100
	7	72034	5	100
	8	72037	5	100
	9	72040	5	100
	10	72026	10	100
	11	72046	10	100
}

Group	Altigen_Sandigi
{
	Vnum	50037
	1	30040	1	1
	2	30086	1	1
	3	30015	1	1
	4	30016	1	1
	5	30087	1	1
	6	30049	1	1
	7	30050	1	1
	8	30090	1	1
	9	30048	1	1
	10	30088	1	1
	11	30008	1	1
	12	30078	1	1
	13	30042	1	1
	14	30052	1	1
	15	30019	1	1
	16	30047	1	1
	17	30080	1	1
	18	30061	1	1
	19	30060	1	1
	20	27799	1	1
	21	30091	1	1
	22	30007	1	1
	23	30076	1	1
	24	30077	1	1
	25	30006	1	1
	26	30022	1	1
	27	30082	1	1
	28	30031	1	1
	29	30067	1	1
	30	30041	1	1
	31	30075	1	1
	32	30045	1	1
	33	30055	1	1
	34	30081	1	1
	35	30046	1	1
	36	30058	1	1
	37	30057	1	1
	38	30059	1	1
	39	30056	1	1
	40	30021	1	1
	41	30039	1	1
	42	30085	1	1
	43	30005	1	1
	44	30009	1	1
	45	30083	1	1
	46	30079	1	1
	47	30051	1	1
	48	30089	1	1
	49	30014	1	1
	50	30070	1	1
	51	30025	1	1
	52	30018	1	1
	53	30017	1	1
}

Group	Cicek_Sandigi
{
	Vnum	83027
	1	50721	1	100
	2	50722	1	100
	3	50723	1	100
	4	50724	1	100
	5	50725	1	100
	6	50726	1	99
	7	50727	1	99
	8	50728	1	99
}

Group	ork_sandigi
{
	Vnum	50070
	1	13060	1	30
	2	13080	1	30
	3	13100	1	30
	4	13120	1	30
	5	14160	1	30
	6	14180	1	30
	7	14200	1	30
	8	15160	1	30
	9	15180	1	30
	10	15200	1	30
	11	15220	1	30
	12	17160	1	30
	13	17180	1	30
	14	17200	1	30
	15	16160	1	30
	16	16180	1	30
	17	16200	1	30
	18	140	1	30
	19	160	1	30
	20	150	1	30
	21	240	1	30
	22	1100	1	30
	23	1110	1	30
	24	2140	1	30
	25	2130	1	30
	26	5100	1	30
	27	5090	1	30
	28	7140	1	30
	29	7130	1	30
	30	70043	1	30
	31	70005	1	30
	32	3130	1	30
	33	3140	1	30
}

Group	hayalet_lideri_sandigi
{
	Vnum	50071
	1	13060	1	30
	2	13080	1	30
	3	13100	1	30
	4	13120	1	30
	5	14160	1	30
	6	14180	1	30
	7	14200	1	30
	8	15160	1	30
	9	15180	1	30
	10	15200	1	30
	11	15220	1	30
	12	17160	1	30
	13	17180	1	30
	14	17200	1	30
	15	16160	1	30
	16	16180	1	30
	17	16200	1	30
	18	140	1	30
	19	160	1	30
	20	150	1	30
	21	240	1	30
	22	1100	1	30
	23	1110	1	30
	24	2140	1	30
	25	2130	1	30
	26	5100	1	30
	27	5090	1	30
	28	7140	1	30
	29	7130	1	30
	30	70043	1	30
	31	70005	1	30
	32	3130	1	30
	33	3140	1	30
}

Group	kralice_orumcek_sandigi
{
	Vnum	50073
	1	13060	1	30
	2	13080	1	30
	3	13100	1	30
	4	13120	1	30
	5	14160	1	30
	6	14180	1	30
	7	14200	1	30
	8	15160	1	30
	9	15180	1	30
	10	15200	1	30
	11	15220	1	30
	12	17160	1	30
	13	17180	1	30
	14	17200	1	30
	15	16160	1	30
	16	16180	1	30
	17	16200	1	30
	18	140	1	30
	19	160	1	30
	20	150	1	30
	21	240	1	30
	22	1100	1	30
	23	1110	1	30
	24	2140	1	30
	25	2130	1	30
	26	5100	1	30
	27	5090	1	30
	28	7140	1	30
	29	7130	1	30
	30	70043	1	30
	31	70005	1	30
	32	3130	1	30
	33	3140	1	30
}

Group	kaplumbaga_sandigi
{
	Vnum	50076
	1	13060	1	30
	2	13080	1	30
	3	13100	1	30
	4	13120	1	30
	5	14160	1	30
	6	14180	1	30
	7	14200	1	30
	8	15160	1	30
	9	15180	1	30
	10	15200	1	30
	11	15220	1	30
	12	17160	1	30
	13	17180	1	30
	14	17200	1	30
	15	16160	1	30
	16	16180	1	30
	17	16200	1	30
	18	140	1	30
	19	160	1	30
	20	150	1	30
	21	240	1	30
	22	1100	1	30
	23	1110	1	30
	24	2140	1	30
	25	2130	1	30
	26	5100	1	30
	27	5090	1	30
	28	7140	1	30
	29	7130	1	30
	30	70043	1	30
	31	70005	1	30
	32	3130	1	30
	33	3140	1	30
}

Group	dokuy_kuyruk_sandigi
{
	Vnum	50077
	1	13060	1	30
	2	13080	1	30
	3	13100	1	30
	4	13120	1	30
	5	14160	1	30
	6	14180	1	30
	7	14200	1	30
	8	15160	1	30
	9	15180	1	30
	10	15200	1	30
	11	15220	1	30
	12	17160	1	30
	13	17180	1	30
	14	17200	1	30
	15	16160	1	30
	16	16180	1	30
	17	16200	1	30
	18	140	1	30
	19	160	1	30
	20	150	1	30
	21	240	1	30
	22	1100	1	30
	23	1110	1	30
	24	2140	1	30
	25	2130	1	30
	26	5100	1	30
	27	5090	1	30
	28	7140	1	30
	29	7130	1	30
	30	70043	1	30
	31	70005	1	30
	32	3130	1	30
	33	3140	1	30
}

Group	sari_kaplan_sandigi
{
	Vnum	50078
	1	13060	1	30
	2	13080	1	30
	3	13100	1	30
	4	13120	1	30
	5	14160	1	30
	6	14180	1	30
	7	14200	1	30
	8	15160	1	30
	9	15180	1	30
	10	15200	1	30
	11	15220	1	30
	12	17160	1	30
	13	17180	1	30
	14	17200	1	30
	15	16160	1	30
	16	16180	1	30
	17	16200	1	30
	18	140	1	30
	19	160	1	30
	20	150	1	30
	21	240	1	30
	22	1100	1	30
	23	1110	1	30
	24	2140	1	30
	25	2130	1	30
	26	5100	1	30
	27	5090	1	30
	28	7140	1	30
	29	7130	1	30
	30	70043	1	30
	31	70005	1	30
	32	3130	1	30
	33	3140	1	30
}

Group	alev_kral_sandigi
{
	Vnum	50079
	1	13060	1	30
	2	13080	1	30
	3	13100	1	30
	4	13120	1	30
	5	14160	1	30
	6	14180	1	30
	7	14200	1	30
	8	15160	1	30
	9	15180	1	30
	10	15200	1	30
	11	15220	1	30
	12	17160	1	30
	13	17180	1	30
	14	17200	1	30
	15	16160	1	30
	16	16180	1	30
	17	16200	1	30
	18	140	1	30
	19	160	1	30
	20	150	1	30
	21	240	1	30
	22	1100	1	30
	23	1110	1	30
	24	2140	1	30
	25	2130	1	30
	26	5100	1	30
	27	5090	1	30
	28	7140	1	30
	29	7130	1	30
	30	70043	1	30
	31	70005	1	30
	32	3130	1	30
	33	3140	1	30
}

Group	seytan_kral_sandigi
{
	Vnum	50081
	1	152	1	22	30
	2	5092	1	22	30
	3	143	1	1	10
	4	3133	1	16	30
	5	1102	1	22	30
	6	7132	1	22	30
	7	2142	1	22	30
	8	11682	1	19	30
	9	11683	1	28	30
	10	11684	1	10	30
	11	11882	1	19	30
	12	11883	1	28	30
	13	11884	1	10	30
	14	11482	1	19	30
	15	11483	1	28	30
	16	11484	1	10	30
	17	11282	1	19	30
	18	11283	1	28	30
	19	11284	1	10	30
	20	17184	1	19	30
	21	17185	1	28	30
	22	17186	1	10	30
	23	16184	1	19	30
	24	16185	1	28	30
	25	16186	1	10	30
	26	14184	1	19	30
	27	14185	1	28	30
	28	14186	1	10	30
	29	72006	1	20
	37	70005	1	20
}

Group	lusifer_sandigi
{
	Vnum	50082
	1	170	1	16	20
	2	250	1	16	50
	3	1120	1	16	80
	4	2180	1	16	80
	5	3150	1	1
	6	7150	1	22	80
	7	11290	1	1	1
	8	11490	1	1	1
	9	11690	1	1	1
	10	11890	1	1	1
	11	2170	1	1
	12	3160	1	1
	13	5120	1	1
	14	190	1	1	1
	15	152	1	20	30
	16	153	1	16	30
	17	5092	1	22	70
	18	5093	1	16	50
	19	142	1	20	50
	20	143	1	16	30
	21	3132	1	22	70
	22	3133	1	16	70
	23	1102	1	22	50
	24	1103	1	16	50
	25	7132	1	22	60
	26	7133	1	16	60
	27	2142	1	22	70
	28	2143	1	16	60
	29	11684	1	15	60
	30	11884	1	20	60
	31	11484	1	15	70
	32	11284	1	15	70
	33	180	1	1
	34	1130	1	1
}

Group	azrail_sandigi
{
	Vnum	50186
	1	170	1	30
	2	250	1	30
	3	1120	1	50
	4	2180	1	50
	5	3150	1	1
	6	7150	1	50
	7	11290	1	1
	8	11490	1	1
	9	11690	1	1
	10	11890	1	1
	11	152	1	30
	12	153	1	30
	13	5103	1	50
	14	142	1	30
	15	3133	1	50
	16	1102	1	30
	17	1103	1	30
	18	7132	1	30
	19	7133	1	30
	20	2142	1	30
	21	2143	1	30
	22	11684	1	50
	23	11884	1	50
	24	11484	1	50
	25	11284	1	50
	27	190	1	30
	28	5120	1	1
	29	2170	1	1
	30	3160	1	1
	31	7140	1	30
}

Group	cicek_sandigi
{
	Vnum	53586
	1	50721	1	100
	2	50722	1	100
	3	50723	1	100
	4	50724	1	100
	5	50725	1	100
	6	50726	1	100
	7	50727	1	100
	8	50728	1	100
}